0.0  1.4578  0.0
0.01  1.45821  0.00081
0.02  1.45942  0.00163
0.03  1.46146  0.00247
0.04  1.46436  0.00335
0.05  1.46815  0.00428
0.06  1.47289  0.00526
0.07  1.47865  0.00633
0.08  1.48551  0.0075
0.09  1.49359  0.0088
0.1  1.50304  0.01026
0.11  1.51404  0.01193
0.12  1.52681  0.01388
0.13  1.54167  0.01618
0.14  1.55901  0.01897
0.15  1.57937  0.02241
0.16  1.6035  0.0268
0.17  1.63246  0.0326
0.18  1.66786  0.04064
0.19  1.71223  0.05257
0.2  1.76977  0.07208
0.21  1.84742  0.10914
0.22  1.94904  0.19669
0.23  1.99297  0.39046
0.24  1.89452  0.53276
0.25  1.8049  0.58274
0.26  1.7486  0.60556
0.27  1.71597  0.62363
0.28  1.70035  0.64531
0.29  1.69817  0.67565
0.3  1.70775  0.71983
0.31  1.72861  0.78573
0.32  1.76045  0.88845
0.33  1.79717  1.06371
0.34  1.77145  1.40477
0.35  1.28991  1.82254
0.36  0.69758  1.60148
0.37  0.4986  1.26673
0.38  0.44498  1.02308
0.39  0.43993  0.84612
0.4  0.45397  0.71236
0.41  0.47617  0.60781
0.42  0.50182  0.52398
0.43  0.52866  0.45547
0.44  0.55555  0.39863
0.45  0.58191  0.35091
0.46  0.60748  0.31044
0.47  0.63212  0.27586
0.48  0.65583  0.24612
0.49  0.67866  0.2204
0.5  0.7007  0.19809
0.51  0.72209  0.17867
0.52  0.74298  0.16176
0.53  0.7636  0.1471
0.54  0.78425  0.13447
0.55  0.80531  0.12384
0.56  0.82739  0.11533
0.57  0.85144  0.1095
0.58  0.87905  0.10807
0.59  0.9123  0.11666
0.6  0.94293  0.15227
0.61  0.92846  0.19869
0.62  0.89876  0.2107
0.63  0.87776  0.20774
0.64  0.86253  0.19971
0.65  0.85222  0.18716
0.66  0.84804  0.17396
0.67  0.84739  0.16226
0.68  0.84858  0.1521
0.69  0.85092  0.14311
0.7  0.85412  0.13511
0.71  0.85803  0.128
0.72  0.86265  0.12178
0.73  0.86809  0.11658
0.74  0.87458  0.11299
0.75  0.88141  0.1129
0.76  0.88418  0.1154
0.77  0.88496  0.11621
0.78  0.88518  0.11734
0.79  0.88305  0.11883
0.8  0.87711  0.11739
0.81  0.87377  0.11035
0.82  0.87435  0.10378
0.83  0.87635  0.09869
0.84  0.87892  0.09494
0.85  0.88112  0.09255
0.86  0.88258  0.09026
0.87  0.88416  0.08805
0.88  0.88582  0.08634
0.89  0.88729  0.08535
0.9  0.88818  0.08527
0.91  0.88741  0.08627
0.92  0.88278  0.0859
0.93  0.87916  0.08045
0.94  0.87872  0.07498
0.95  0.87903  0.0706
0.96  0.87888  0.06654
0.97  0.87834  0.06082
0.98  0.88169  0.05364
0.99  0.88714  0.0504
1.0  0.89143  0.0496
1.01  0.89446  0.05013
1.02  0.89592  0.05196
1.03  0.89412  0.05499
1.04  0.88682  0.0543
1.05  0.88226  0.04708
1.06  0.88107  0.03966
1.07  0.88095  0.03191
1.08  0.88322  0.0221
1.09  0.89086  0.01471
1.1  0.89823  0.0118
1.11  0.90407  0.01054
1.12  0.90884  0.00991
1.13  0.91288  0.00957
1.14  0.9164  0.00937
1.15  0.91959  0.00927
1.16  0.92249  0.00934
1.17  0.92508  0.00955
1.18  0.92735  0.00984
1.19  0.92929  0.01017
1.2  0.93094  0.01041
1.21  0.93241  0.01052
1.22  0.93378  0.01054
1.23  0.93507  0.01049
1.24  0.93631  0.01039
1.25  0.9375  0.01027
1.26  0.93865  0.01012
1.27  0.93976  0.00995
1.28  0.94084  0.00978
1.29  0.94188  0.0096
1.3  0.94289  0.00941
1.31  0.94387  0.00923
1.32  0.94483  0.00904
1.33  0.94576  0.00886
1.34  0.94666  0.00868
1.35  0.94755  0.00851
1.36  0.94841  0.00836
1.37  0.94925  0.00822
1.38  0.95004  0.0081
1.39  0.9508  0.00799
1.4  0.95151  0.0079
1.41  0.95211  0.00783
1.42  0.95259  0.00764
1.43  0.95311  0.00727
1.44  0.95382  0.00682
1.45  0.95469  0.00657
1.46  0.95538  0.00643
1.47  0.95606  0.00621
1.48  0.95679  0.00603
1.49  0.95749  0.00592
1.5  0.95812  0.00583
1.51  0.95871  0.00571
1.52  0.9593  0.0056
1.53  0.95987  0.00548
1.54  0.96043  0.00536
1.55  0.96097  0.00525
1.56  0.96151  0.00514
1.57  0.96203  0.00504
1.58  0.96253  0.00494
1.59  0.96303  0.00485
1.6  0.96351  0.00476
1.61  0.96398  0.00468
1.62  0.96443  0.00461
1.63  0.96486  0.00455
1.64  0.96524  0.00448
1.65  0.96562  0.00436
1.66  0.96601  0.00424
1.67  0.96642  0.00412
1.68  0.96685  0.00404
1.69  0.96725  0.00404
1.7  0.96752  0.0041
1.71  0.96753  0.00404
1.72  0.96765  0.00358
1.73  0.96807  0.00314
1.74  0.9686  0.00282
1.75  0.96915  0.00261
1.76  0.96969  0.0025
1.77  0.97017  0.00243
1.78  0.97061  0.00238
1.79  0.971  0.00234
1.8  0.97137  0.00228
1.81  0.9717  0.00218
1.82  0.97211  0.00203
1.83  0.97256  0.00197
1.84  0.97298  0.00195
1.85  0.97335  0.00195
1.86  0.9737  0.00197
1.87  0.97401  0.00197
1.88  0.97431  0.00195
1.89  0.9746  0.00193
1.9  0.97489  0.0019
1.91  0.97518  0.00187
1.92  0.97546  0.00184
1.93  0.97574  0.00181
1.94  0.97601  0.00178
1.95  0.97628  0.00175
1.96  0.97654  0.00172
1.97  0.9768  0.00169
1.98  0.97706  0.00167
1.99  0.9773  0.00165
